0.07599043508999967,1605080466.0,13080.32
0.07562948,1605089514.0,13176.24
0.093,1605107520.0,13366.55
0.13065238,1605107520.0,13367.13
0.03,1605626601.0,14602.06
0.07236689,1605626601.0,14602.07
0.06225841,1605858094.0,15450.0
0.00224076,1605858094.0,15450.0
0.07037118,1606463776.0,14160.8
0.01973464,1606661330.0,15148.67
0.01928528,1607126652.0,15501.65
0.00617288,1607126662.0,15506.74
0.00025343,1607126662.0,15506.75
0.02514757,1607881488.0,15826.97
0.0251543,1607881500.0,15822.74
0.01309895,1607881508.0,15822.67
0.01205545,1607881508.0,15822.68
0.05904158,1608124315.0,16852.95
0.01,1608124322.0,16860.42
0.04896167,1608124322.0,16878.93
0.01296846,1608388444.0,19210.29
0.0103764,1608388454.0,19207.28
6.339862e-05,1621194324.0,37359.855
0.00071741269,1621194324.0,37359.855
0.0022811116,1621194324.0,37359.855
0.00073915643,1621194324.0,37359.855
0.00210586517,1621194583.0,37179.24705882353
0.00040830433,1621194583.0,37179.24705882353
0.00431160912,1621236840.0,36848.63809523809
0.00165373128,1621572668.0,32883.69629629629
0.00743453014,1621572668.0,32883.69629629629
0.0088946745,1621572668.0,32883.69629629629
0.00168623636,1621572730.0,32879.77142857143
0.0001315317,1621572730.0,32879.77142857143
0.00607413376,1621572730.0,32879.77142857143
0.01185705357,1621781365.0,28184.884210526317
0.00346431765,1621781365.0,28184.884210526317
0.04477541323,1621781365.0,28184.884210526317
0.82936197535,1621781365.0,28184.884210526317
0.00019887746,1622520113.0,29950.1
4.985e-07,1622520113.0,29950.1
0.00012505012,1622520113.0,29950.1
2.766739e-05,1622520113.0,29950.1
1.626686e-05,1622520113.0,29950.1
0.0005674768,1622781107.0,31218.80588235294
0.00017377745,1622781107.0,31218.80588235294
0.00118424908,1622781107.0,31218.80588235294
0.00142976799,1622781107.0,31218.80588235294
0.00016936708,1622781145.0,31220.658333333333
1.100856e-05,1622781145.0,31220.658333333333
0.00023477639,1622781145.0,31220.658333333333
0.00063791369,1622781145.0,31220.658333333333
2.03817e-05,1622781145.0,31220.658333333333
0.00151646449,1624039746.0,30592.854545454546
0.00158003284,1624039746.0,30592.854545454546
0.0016191347,1624039746.0,30592.854545454546
7.131739e-05,1624040572.0,30464.047826086957
0.02131808768,1624040572.0,30464.047826086957
0.00118435508,1624093379.0,30283.76
0.00137471157,1624093379.0,30283.76
0.00708316455,1624093379.0,30283.76
0.00107450089,1624099003.0,30147.816666666666
0.00228018971,1624099003.0,30147.816666666666
0.00361280406,1624099988.0,30245.772727272728
0.00072236481,1624099988.0,30245.772727272728
0.00260513791,1624189056.0,28754.38064516129
0.00416250078,1624189056.0,28754.38064516129
0.00779851408,1624189056.0,28754.38064516129
0.01142430635,1624189056.0,28754.38064516129
0.00379567291,1624189252.0,28833.105439330546
0.00252581854,1624189252.0,28833.105439330546
0.00626940371,1624189252.0,28833.105439330546
0.00011997201,1624191240.0,28439.418181818182
0.00220953112,1624191240.0,28439.418181818182
0.00119412877,1624191240.0,28439.418181818182
0.00229148905,1624191240.0,28439.418181818182
0.00713382765,1624191240.0,28439.418181818182
0.00134153946,1624191240.0,28439.418181818182
0.0022087784,1624191540.0,28450.586486486485
0.00011495507,1624191540.0,28450.586486486485
0.00343817717,1624191540.0,28450.586486486485
0.00220549649,1624191540.0,28450.586486486485
0.00581617852,1624191540.0,28450.586486486485
0.00935387559,1624191790.0,28274.097777777777
6.178121e-05,1624547024.0,28623.985714285714
0.02463429076,1624547024.0,28623.985714285714
0.00593997239,1624547067.0,28533.844444444443
0.00237316216,1624547067.0,28533.844444444443
0.00115590889,1624547067.0,28533.844444444443
0.00113575325,1624547067.0,28533.844444444443
0.01186674995,1624547067.0,28533.844444444443
0.00109632137,1624547067.0,28533.844444444443
4.914379e-05,1624547277.0,28682.35
0.01964943367,1624547277.0,28682.35
0.00094278493,1624547277.0,28682.35
0.0009627768,1624547277.0,28682.35
0.00486994535,1624547277.0,28682.35
0.00983439393,1624547277.0,28682.35
0.01317153448,1624547277.0,28682.35
0.02278506666,1624547277.0,28682.35
0.00391428458,1624547277.0,28682.35
0.06758098038,1624547277.0,28682.35
2.907e-08,1625067571.0,28865.707692307693
1.421741e-05,1625079517.0,29407.4
1.276182e-05,1625079517.0,29407.4
8.2633e-07,1625079517.0,29407.4
1.970606e-05,1625079517.0,29407.4
0.00062163415,1625490826.0,28404.633333333335
0.0006668384,1625490826.0,28404.633333333335
0.00591894324,1625490826.0,28404.633333333335
0.00062376393,1625490835.0,28396.25
0.00036460486,1625490835.0,28396.25
0.00222646048,1625490835.0,28396.25
0.00033271812,1625490835.0,28396.25
3.649516e-05,1625490835.0,28396.25
0.0021859098,1625490835.0,28396.25
0.00157567014,1625490835.0,28396.25
0.00061524704,1625490886.0,28396.48
0.00300127719,1625490886.0,28396.48
0.00566856279,1625500653.0,28356.885714285716
0.00063830459,1625500657.0,28355.646153846155
0.00053582026,1625500657.0,28355.646153846155
0.00060471911,1625500657.0,28355.646153846155
0.00047665041,1625500657.0,28355.646153846155
0.00338160963,1625500657.0,28355.646153846155
0.00031051236,1625500709.0,28350.816666666666
0.00520154606,1625500709.0,28350.816666666666
2.878926e-05,1625500812.0,28330.208333333332
0.00042670409,1625500812.0,28330.208333333332
0.00045995951,1625500812.0,28330.208333333332
0.00047293718,1625500812.0,28330.208333333332
0.00333378745,1625500812.0,28330.208333333332
0.00468981763,1625500814.0,28330.208333333332
2.45234e-05,1625500827.0,28322.57
0.00044495601,1625500827.0,28322.57
0.00040003109,1625500827.0,28322.57
0.00334258814,1625500827.0,28322.57
0.00039124295,1625500827.0,28322.57
0.00379723225,1625500827.0,28322.57
0.00039194576,1625500829.0,28322.57
2.330918e-05,1625500829.0,28322.57
0.00359768363,1625500829.0,28322.57
0.00339615123,1625500844.0,28329.9
2.113706e-05,1625500873.0,28369.66470588235
0.0004214892,1625500873.0,28369.66470588235
0.00330648512,1625500873.0,28369.66470588235
0.0014661758,1625500932.0,28405.646666666667
0.00029115687,1625500932.0,28405.646666666667
0.00010462208,1625500932.0,28405.646666666667
0.00129933875,1625500932.0,28405.646666666667
0.00035054895,1625501118.0,28396.97142857143
0.00125070979,1625501118.0,28396.97142857143
0.00022679537,1625501118.0,28396.97142857143
0.00031069327,1625501118.0,28396.97142857143
0.00038173064,1625501118.0,28396.97142857143
0.00117761596,1625501118.0,28396.97142857143
7.5516e-06,1625509704.0,28777.648780487805
9.273367e-05,1625509704.0,28777.648780487805
6.30478e-05,1625509704.0,28777.648780487805
5.174763e-05,1625509704.0,28777.648780487805
9.290385e-05,1625509704.0,28777.648780487805
0.00011396682,1625509704.0,28777.648780487805
0.00010210024,1625509704.0,28777.648780487805
5.207413e-05,1625509704.0,28777.648780487805
0.00164710261,1625509704.0,28777.648780487805
0.00100640117,1625509704.0,28777.648780487805
6.541604e-05,1625512002.0,28713.816666666666
4.824967e-05,1625512002.0,28713.816666666666
6.109584e-05,1625512002.0,28713.816666666666
0.00039526095,1625512002.0,28713.816666666666
4.484892e-05,1625512006.0,28713.02
0.00048526877,1625512006.0,28713.02
4.589386e-05,1625512250.0,28768.645454545454
3.523845e-05,1625512250.0,28768.645454545454
4.52158e-05,1625512250.0,28768.645454545454
2.710881e-05,1625512250.0,28768.645454545454
2.208927e-05,1625512250.0,28768.645454545454
1.684295e-05,1625512250.0,28768.645454545454
1.965602e-05,1625512250.0,28768.645454545454
1.423739e-05,1625512313.0,28810.65
2.1989e-07,1625513208.0,28820.28947368421
1.82066e-06,1625513208.0,28820.28947368421
3.49296e-06,1625513208.0,28820.28947368421
2.6531e-06,1625513208.0,28820.28947368421
2.4054e-07,1625513210.0,28821.255555555555
1.85584e-06,1625513210.0,28821.255555555555
2.6531e-06,1625513210.0,28821.255555555555
5.4307e-07,1625513210.0,28821.255555555555
1.093767e-05,1625516430.0,28694.077586206895
5.27e-07,1625516430.0,28694.077586206895
6.45095e-06,1625516430.0,28694.077586206895
1.372924e-05,1625516430.0,28694.077586206895
0.00076827829,1625591853.0,28460.12
0.00017061326,1625592572.0,28640.300000000003
0.00023415972,1625592572.0,28640.300000000003
0.00016991371,1625592577.0,28645.3
0.00023415972,1625592577.0,28645.3
0.0001092906,1625594122.0,28727.042857142857
6.50539e-06,1625594122.0,28727.042857142857
0.00012009799,1625594122.0,28727.042857142857
7.55815e-05,1625594122.0,28727.042857142857
7.06195e-05,1625594122.0,28727.042857142857
0.00010045838,1625602961.0,28702.1
0.00013824719,1625602961.0,28702.1
0.00011021609,1625602964.0,28702.1
5.172371e-05,1625602964.0,28702.1
8.843054e-05,1625602964.0,28702.1
0.00011021609,1625602988.0,28706.5
0.00014979614,1625602988.0,28706.5
0.00012644388,1625603149.0,28740.2
0.00010777593,1625603149.0,28740.2
2.814931e-05,1625603149.0,28740.2
0.00075536495,1625719156.0,28241.2
0.00110465844,1625719156.0,28241.2
0.00082310464,1625719156.0,28241.2
0.00086662654,1625719156.0,28241.2
0.00114255314,1625724927.0,28311.72
0.00121559568,1625724927.0,28311.72
0.00305430938,1625724927.0,28311.72
0.00114025708,1625724928.0,28313.383333333335
0.00428809909,1625724928.0,28313.383333333335
0.00114025708,1625724929.0,28316.32962962963
0.00425212712,1625724929.0,28316.32962962963
0.00114063973,1625724930.0,28316.955172413793
0.00420899656,1625724930.0,28316.955172413793
0.00534239776,1625724933.0,28316.955172413793
0.00120152178,1625724934.0,28316.955172413793
0.00112228562,1625724934.0,28316.955172413793
0.00301979034,1625724934.0,28316.955172413793
0.00112228562,1625724934.0,28316.955172413793
0.00399744913,1625724934.0,28316.955172413793
6.659804e-05,1625724934.0,28316.955172413793
0.00015307485,1625724934.0,28316.955172413793
6.70985e-06,1625724973.0,28379.226315789474
0.00535934795,1625724973.0,28379.226315789474
0.0011261072,1625724973.0,28379.226315789474
0.00058425331,1625724973.0,28379.226315789474
0.00124563265,1625724973.0,28379.226315789474
0.00236191615,1625724973.0,28379.226315789474
0.00111617349,1625724993.0,28384.571428571428
0.00414150375,1625724993.0,28384.571428571428
0.00112457843,1625725371.0,28326.118181818183
0.0042291193,1625725371.0,28326.118181818183
0.00111120956,1625725375.0,28325.245454545453
0.00412715591,1625725375.0,28325.245454545453
0.00523151206,1625725377.0,28325.25
0.00525694321,1625725383.0,28325.24
0.00282712968,1625725825.0,28274.3
0.0010687619,1625725825.0,28274.3
0.00878946676,1625725825.0,28274.3
0.00107858632,1625727051.0,28139.492857142857
0.00101568473,1625727051.0,28139.492857142857
0.00143882436,1625727051.0,28139.492857142857
0.00127322088,1625727051.0,28139.492857142857
0.00099805604,1625727052.0,28139.492857142857
0.00375315111,1625727052.0,28139.492857142857
0.00099805604,1625727053.0,28140.034615384615
0.00375315111,1625727053.0,28140.034615384615
0.00100610088,1625727054.0,28139.737931034484
0.00378341412,1625727054.0,28139.737931034484
0.00100610088,1625727055.0,28139.737931034484
0.00378341412,1625727055.0,28139.737931034484
0.00105233032,1625727057.0,28139.88275862069
0.00370254467,1625727057.0,28139.88275862069
0.00099384411,1625727060.0,28140.22962962963
0.00370419452,1625727060.0,28140.22962962963
0.00098504187,1625727060.0,28140.22962962963
0.00118745223,1625727060.0,28140.22962962963
0.00246398356,1625727060.0,28140.22962962963
0.00098772017,1625727061.0,28140.6625
0.00371426971,1625727061.0,28140.6625
0.00090986906,1625727149.0,28115.06
0.00101072269,1625727149.0,28115.06
0.00262546633,1625727149.0,28115.06
0.0009525648,1625727169.0,28116.442857142858
5.561081e-05,1625727169.0,28116.442857142858
0.00345758138,1625727169.0,28116.442857142858
0.00094874944,1625727186.0,28117.22857142857
0.00355332168,1625727186.0,28117.22857142857
0.00095599961,1625727210.0,28120.7
0.00359494359,1625727210.0,28120.7
5.248731e-05,1625727621.0,28084.158333333333
0.00088140731,1625727621.0,28084.158333333333
0.00314652809,1625727621.0,28084.158333333333
0.00011383307,1625727621.0,28084.158333333333
0.00084692435,1625727636.0,28084.17777777778
0.00318462519,1625727636.0,28084.17777777778
0.00084692435,1625727637.0,28084.17777777778
5.032207e-05,1625727637.0,28084.17777777778
0.00093902935,1625727637.0,28084.17777777778
0.00215362002,1625727637.0,28084.17777777778
0.00084692435,1625727637.0,28084.17777777778
0.00314193872,1625727637.0,28084.17777777778
0.00084730277,1625727655.0,28087.586666666666
0.00041287343,1625727655.0,28087.586666666666
0.00270979543,1625727655.0,28087.586666666666
0.0008476812,1625727658.0,28088.475
4.906189e-05,1625727658.0,28088.475
0.00305025126,1625727658.0,28088.475
0.00057474524,1625727685.0,28091.571794871794
0.00331085241,1625727685.0,28091.571794871794
0.00083860194,1625727817.0,28111.186363636363
0.00312203152,1625727817.0,28111.186363636363
0.00299905889,1625727820.0,28112.066666666666
0.00083028502,1625727820.0,28112.066666666666
0.00015807754,1625727820.0,28112.066666666666
0.00081630986,1625727870.0,28123.82258064516
0.00055683994,1625727870.0,28123.82258064516
4.85674e-05,1625727870.0,28123.82258064516
0.00244835197,1625727870.0,28123.82258064516
0.00082877345,1625727943.0,28117.15
0.00085747995,1625727943.0,28117.15
0.00219544948,1625727943.0,28117.15
2.21653e-05,1625728584.0,28156.8
0.00037199535,1625728584.0,28156.8
0.00841947678,1625728584.0,28156.8
0.00037352232,1625728588.0,28156.8
0.00041445255,1625728588.0,28156.8
0.00083269551,1625728588.0,28156.8
0.0004403683,1625728588.0,28156.8
0.00450906458,1625728588.0,28156.8
0.00106274516,1625728588.0,28156.8
1.92172e-05,1625728708.0,28142.35
0.00032246876,1625728708.0,28142.35
0.00019996099,1625728708.0,28142.35
0.00032289373,1625728708.0,28142.35
0.00279761037,1625728708.0,28142.35
0.00032284899,1625728723.0,28141.583333333332
0.0034294002,1625728723.0,28141.583333333332
0.00032322924,1625728737.0,28140.371428571427
0.00155521053,1625728737.0,28140.371428571427
0.00015590384,1625728737.0,28140.371428571427
1.822199e-05,1625728737.0,28140.371428571427
0.00033601356,1625728737.0,28140.371428571427
0.00020929299,1625728737.0,28140.371428571427
0.00042596748,1625728737.0,28140.371428571427
0.00065286065,1625728737.0,28140.371428571427
0.00032018759,1625728803.0,28124.928571428572
0.00022984895,1625728803.0,28124.928571428572
0.00020578774,1625728803.0,28124.928571428572
0.00295464161,1625728803.0,28124.928571428572
1.919457e-05,1625728807.0,28123.946666666667
0.00032208853,1625728807.0,28123.946666666667
0.00022974023,1625728807.0,28123.946666666667
0.00323149202,1625728807.0,28123.946666666667
0.00027843907,1625729630.0,27915.182608695653
0.00097413135,1625729630.0,27915.182608695653
0.00037248051,1625729630.0,27915.182608695653
0.00159875826,1625729667.0,27899.607692307694
0.00022663566,1625732933.0,27445.564285714285
4.194711e-05,1625732933.0,27445.564285714285
0.0001883319,1625734740.0,27582.657142857144
1.121023e-05,1625734740.0,27582.657142857144
1.79364e-06,1625734740.0,27582.657142857144
0.00019860794,1625734740.0,27582.657142857144
0.00382484214,1625734740.0,27582.657142857144
1.939471e-05,1626206460.0,27433.78
0.000168346,1626206460.0,27433.78
0.00053511806,1626206460.0,27433.78
0.00036349489,1626206460.0,27433.78
0.00016750823,1626206460.0,27433.78
0.00064376827,1626206460.0,27433.78
0.00116641988,1626206505.0,27411.78
0.00037557898,1626206505.0,27411.78
0.00161731865,1626206574.0,27396.285714285714
0.00161731865,1626206605.0,27378.634146341465
1.650276e-05,1626207025.0,27478.875
0.00045751301,1626207025.0,27478.875
0.00014856858,1626207025.0,27478.875
0.00029434872,1626207025.0,27478.875
0.00039551706,1626207025.0,27478.875
1.643458e-05,1626207035.0,27475.52857142857
0.00045624947,1626207035.0,27475.52857142857
0.00029074311,1626207035.0,27475.52857142857
0.00014914105,1626207035.0,27475.52857142857
0.00039813204,1626207035.0,27475.52857142857
0.0013074944,1626207056.0,27472.308333333334
0.00027762813,1626207098.0,27487.9
0.00038286395,1626207098.0,27487.9
0.00027800997,1626207103.0,27486.0
0.00038286395,1626207103.0,27486.0
0.00014202446,1626286557.0,27773.433333333334
2.654745e-05,1626286557.0,27773.433333333334
0.00016411898,1626286570.0,27775.914285714283
0.00015035762,1626286846.0,27789.975
8.94985e-06,1626286846.0,27789.975
1.944161e-05,1626286846.0,27789.975
0.0002062017,1626286972.0,27810.260000000002
0.0001930998,1626286982.0,27809.475
0.00013297248,1626289342.0,27642.4875
7.89249e-06,1626289342.0,27642.4875
0.00016971286,1626289342.0,27642.4875
0.00013221551,1626289380.0,27669.94
2.511182e-05,1626289380.0,27669.94
0.00014478896,1626289407.0,27667.9
0.00014884117,1626289466.0,27667.9
0.00049681329,1626335692.0,27377.70909090909
0.0003704298,1626335695.0,27377.708333333332
0.00012265803,1626335695.0,27377.708333333332
0.00160819496,1626347269.0,27016.63846153846
0.00070545922,1626347269.0,27016.63846153846
0.00229942464,1626347291.0,27011.118181818183
5.367098e-05,1626349870.0,27054.392857142855
0.00098325242,1626349870.0,27054.392857142855
3.649627e-05,1626349870.0,27054.392857142855
0.00164535875,1626364142.0,26873.857798165136
0.00096655344,1626414822.0,26921.416666666668
0.00075559077,1626414822.0,26921.416666666668
0.00117861115,1626431166.0,26486.71052631579
1.40014e-06,1626431166.0,26486.71052631579
1.40014e-06,1626431166.0,26486.71052631579
0.00022122184,1626431166.0,26486.71052631579
0.00118360266,1626431172.0,26484.613953488373
7.042778e-05,1626431172.0,26484.613953488373
1.40757e-06,1626431172.0,26484.613953488373
0.00015337061,1626431172.0,26484.613953488373
4.77518e-05,1626434192.0,26482.910714285714
0.00044600186,1626434192.0,26482.910714285714
0.00046104994,1626434192.0,26482.910714285714
0.00089619933,1626527870.0,26735.0
0.00096437605,1626527870.0,26735.0
0.00140445249,1626527870.0,26735.0
0.00014949316,1626760873.0,25253.890909090907
0.00283984847,1626760873.0,25253.890909090907
0.00540726429,1626843130.0,26055.825
0.005281673,1626843207.0,26046.2
0.005281673,1626843212.0,26047.079999999998
0.005281673,1626843247.0,26046.74
0.00154249459,1626843306.0,26072.433333333334
8.636587e-05,1626843306.0,26072.433333333334
0.00355204141,1626843306.0,26072.433333333334
0.0007600624,1626862479.0,26733.53846153846
0.00104904709,1626862479.0,26733.53846153846
0.00064076918,1626870284.0,26842.475
0.00085867516,1626870284.0,26842.475
0.00154295614,1626871794.0,26810.325
0.00151506412,1626871954.0,26812.266666666666
0.00151506412,1626871968.0,26811.45
3.804486e-05,1626872007.0,26809.7
0.00063874979,1626872007.0,26809.7
0.0006958557,1626872007.0,26809.7
0.00014544616,1626872007.0,26809.7
0.0005750979,1626874560.0,26799.546153846153
0.00079362785,1626874560.0,26799.546153846153
0.00058756202,1626874607.0,26807.42142857143
0.00081083967,1626874607.0,26807.42142857143
0.00059399979,1626874697.0,26813.826666666668
3.533318e-05,1626874697.0,26813.826666666668
0.0007684497,1626874697.0,26813.826666666668
2.820355e-05,1626876050.0,26752.21111111111
0.00018952788,1626876050.0,26752.21111111111
0.00047302221,1626876050.0,26752.21111111111
0.00487420968,1626876050.0,26752.21111111111
2.815609e-05,1626876116.0,26764.1375
0.0004638548,1626876116.0,26764.1375
0.00495664997,1626876116.0,26764.1375
5.663317e-05,1626876116.0,26764.1375
2.377785e-05,1626877767.0,26869.242857142857
0.00031404856,1626877767.0,26869.242857142857
0.00060623937,1626877767.0,26869.242857142857
2.069261e-05,1626877874.0,26837.966666666667
0.00079876271,1626877874.0,26837.966666666667
0.00035145816,1626877918.0,26822.2
0.00028657594,1626877918.0,26822.2
0.00039574773,1626877918.0,26822.2
0.00031641906,1626878032.0,26843.58
0.00028657594,1626878032.0,26843.58
1.670728e-05,1626878032.0,26843.58
0.00017139192,1626878032.0,26843.58
0.00022501729,1626878032.0,26843.58
1.532898e-05,1626878111.0,26848.733333333334
0.00025713469,1626878111.0,26848.733333333334
0.00064097364,1626878111.0,26848.733333333334
1.278915e-05,1626878201.0,26862.8875
0.0002359135,1626878201.0,26862.8875
0.00021407603,1626878201.0,26862.8875
0.00030225496,1626878201.0,26862.8875
0.00011703691,1626878211.0,26859.894444444446
0.0006602929,1626878211.0,26859.894444444446
8.72905e-06,1626878324.0,26876.64
0.00014587057,1626878324.0,26876.64
0.00034493943,1626878324.0,26876.64
8.33579e-06,1626878326.0,26876.966666666667
0.00013965276,1626878326.0,26876.966666666667
0.00030690795,1626878326.0,26876.966666666667
0.00013188475,1626878327.0,26876.966666666667
7.85028e-06,1626878327.0,26876.966666666667
0.0003303066,1626878327.0,26876.966666666667
0.00014293642,1626883801.0,27092.045454545456
0.00070787559,1626883801.0,27092.045454545456
0.00014814596,1626883811.0,27093.638461538463
0.00068307812,1626883811.0,27093.638461538463
0.00019582948,1626888048.0,27192.977777777778
0.00194255744,1626888048.0,27192.977777777778
0.00020307956,1626888048.0,27192.977777777778
7.116416e-05,1626888048.0,27192.977777777778
0.00082218324,1626888048.0,27192.977777777778
2.279718e-05,1626888510.0,27141.814285714285
0.00037612496,1626888510.0,27141.814285714285
4.729873e-05,1626888510.0,27141.814285714285
2.363948e-05,1626888563.0,27129.757142857143
4.7279e-07,1626888563.0,27129.757142857143
0.00043971875,1626888563.0,27129.757142857143
8.50154e-06,1626888563.0,27129.757142857143
0.0003801643,1626889084.0,27134.985714285714
2.262883e-05,1626889084.0,27134.985714285714
4.740439e-05,1626889084.0,27134.985714285714
0.00036240054,1626889277.0,27157.575
6.68779e-05,1626889277.0,27157.575
0.000362804,1626889281.0,27165.075
6.710825e-05,1626889281.0,27165.075
0.00044064241,1626892037.0,27351.127272727274
5.2409e-07,1626892037.0,27351.127272727274
8.325343e-05,1626892037.0,27351.127272727274
3.8746e-07,1626894791.0,26826.64
0.00038659412,1626894791.0,26826.64
0.00035325276,1627350952.0,31387.9
2.100951e-05,1627350952.0,31387.9
0.00045440995,1627350952.0,31387.9
0.00034417065,1627350959.0,31403.2
0.00047407008,1627350959.0,31403.2
0.00025222703,1627361043.0,31250.579999999998
0.00014766672,1627361043.0,31250.579999999998
0.00012673127,1627361043.0,31250.579999999998
0.0001638123,1627361058.0,31252.933333333334
6.740885e-05,1627366969.0,31618.36153846154
3.99543e-06,1627366969.0,31618.36153846154
8.659698e-05,1627366969.0,31618.36153846154
0.00054879165,1627366969.0,31618.36153846154
6.055686e-05,1627367010.0,31597.685714285715
0.00070992818,1627367010.0,31597.685714285715
7.062815e-05,1627367010.0,31597.685714285715
0.00019181843,1627367010.0,31597.685714285715
0.000198582,1627367010.0,31597.685714285715
2.438286e-05,1627787603.0,35303.05
3.230151e-05,1627787603.0,35303.05
3.860911e-05,1627787603.0,35303.05
0.00016820319,1627787617.0,35325.788235294116
7.0175e-07,1627787859.0,35345.13333333333
3.82205e-06,1627787859.0,35345.13333333333
1.202488e-05,1627787859.0,35345.13333333333
8.377977e-05,1627820709.0,35127.566666666666
0.00011239063,1627820709.0,35127.566666666666
0.00029968693,1627820709.0,35127.566666666666
0.00047791099,1627820712.0,35126.225
8.508721e-05,1627830230.0,34798.1
0.00037291286,1627830230.0,34798.1
0.00033546527,1627841520.0,34562.08571428571
0.00053569099,1627880720.0,33480.65
0.00706086225,1627880720.0,33480.65
0.00091535598,1627880720.0,33480.65
0.00103780068,1627880720.0,33480.65
0.00121029768,1627969027.0,32302.792307692307
7.204153e-05,1627969027.0,32302.792307692307
0.00592050179,1627969027.0,32302.792307692307
0.00121029768,1627969033.0,32296.5
0.00599252736,1627969033.0,32296.5
0.00713409225,1627982443.0,32395.1
0.00123061159,1627994202.0,32158.199999999997
0.00316373547,1627994202.0,32158.199999999997
0.00155018001,1627997010.0,32373.46
0.00212690143,1627997010.0,32373.46
8.524074e-05,1628071517.0,31949.466666666667
0.00163599315,1628071517.0,31949.466666666667
0.00339127746,1628071517.0,31949.466666666667
0.00075898017,1628081666.0,32548.792307692307
0.00040857175,1628081666.0,32548.792307692307
0.00071208218,1628081671.0,32549.755555555555
0.00045061513,1628081671.0,32549.755555555555
4.860177e-05,1628087436.0,33021.604545454546
0.0018954688,1628087436.0,33021.604545454546
0.00084034848,1628088317.0,32944.02857142857
0.00103905587,1628088317.0,32944.02857142857
0.00167559879,1628088317.0,32944.02857142857
0.00080348877,1628088317.0,32944.02857142857
0.0013775595,1628104067.0,33438.49
0.00163452524,1628158433.0,32301.7
0.00517194548,1628158433.0,32301.7
0.00044693793,1628176675.0,33112.98888888889
0.00299235174,1628176675.0,33112.98888888889
0.00023773758,1628177211.0,33147.838461538464
0.00099928047,1628177211.0,33147.838461538464
1.229317e-05,1628177216.0,33148.96363636364
0.00121702403,1628177216.0,33148.96363636364
1.097159e-05,1628177513.0,33234.24444444444
0.00020723559,1628177513.0,33234.24444444444
0.00024283913,1628177513.0,33234.24444444444
0.00059432151,1628177513.0,33234.24444444444
0.00020239381,1628177515.0,33234.515384615384
0.00081819876,1628177515.0,33234.515384615384
0.00018532116,1628177522.0,33231.65833333333
0.00022281158,1628177522.0,33231.65833333333
0.00051017035,1628177522.0,33231.65833333333
0.00017452137,1628177525.0,33230.8
9.03047e-06,1628177525.0,33230.8
0.00071827089,1628177525.0,33230.8
0.00017878325,1628177531.0,33230.8
0.0004256452,1628177531.0,33230.8
0.00018502787,1628177531.0,33230.8
7.294373e-05,1628177531.0,33230.8
9.11924e-06,1628177533.0,33225.05
0.00017480545,1628177533.0,33225.05
0.00071709039,1628177533.0,33225.05
0.0001538024,1628177560.0,33213.06756756757
0.00063531966,1628177560.0,33213.06756756757
0.00015125055,1628177561.0,33213.06756756757
0.00063531966,1628177561.0,33213.06756756757
0.00080400809,1628177563.0,33212.57878787879
0.00016344776,1628177566.0,33207.08064516129
0.00068784265,1628177566.0,33207.08064516129
6.664927e-05,1628178810.0,32630.52105263158
0.00023298967,1628178810.0,32630.52105263158
5.564588e-05,1628178811.0,32628.60909090909
0.00023298967,1628178811.0,32628.60909090909
5.592789e-05,1628178819.0,32621.78888888889
0.00022231016,1628178819.0,32621.78888888889
1.67942e-05,1628178948.0,32693.4
1.374036e-05,1628178948.0,32693.4
5.7617e-06,1628178948.0,32693.4
1.707527e-05,1628178948.0,32693.4
2.0169e-07,1628178948.0,32693.4
1.60949e-05,1628178948.0,32693.4
2.185445e-05,1628178952.0,32693.4
1.13825e-06,1628178952.0,32693.4
8.732666e-05,1628178952.0,32693.4
3.31097e-06,1628178965.0,32723.277777777777
5.621724e-05,1628764517.0,38740.747826086954
0.00052716284,1628764517.0,38740.747826086954
0.00041151619,1628776221.0,38037.149999999994
0.00058303844,1628777405.0,37785.41636363637
0.00021117402,1628800361.0,37926.36666666667
0.00044415096,1628800361.0,37926.36666666667
0.00022054685,1628802151.0,37888.69375
0.00023892575,1628802151.0,37888.69375
0.00014117384,1628802787.0,37873.18571428572
0.00042447255,1629231341.0,38329.668
0.00045707724,1629231341.0,38329.668
7.05923e-06,1629258810.0,38385.0125
0.00013531108,1629258810.0,38385.0125
0.0014869654,1629258810.0,38385.0125
0.00040847283,1629258810.0,38385.0125
0.00023471215,1629286254.0,38504.81428571429
0.00013530624,1629286254.0,38504.81428571429
0.00010006758,1629286254.0,38504.81428571429
6.170538e-05,1629286254.0,38504.81428571429
8.329791e-05,1629291607.0,38440.44545454546
6.71043e-05,1629291607.0,38440.44545454546
9.41877e-06,1629373614.0,37911.18
0.00056440398,1629373614.0,37911.18
0.00074218165,1629373614.0,37911.18
0.00018848919,1629374599.0,37825.614285714284
3.054506e-05,1629374599.0,37825.614285714284
6.90845e-05,1629374599.0,37825.614285714284
9.11478e-05,1629374599.0,37825.614285714284
3.14383e-06,1631019991.0,42832.89230769231
4.085315e-05,1631019991.0,42832.89230769231
0.0006464794,1631348918.0,38299.36
0.00070598797,1631348918.0,38299.36
0.00032615914,1631903424.0,40305.78333333333
5.862791e-05,1632479272.0,35584.475
0.00458531934,1632479272.0,35584.475
0.00451393285,1632479272.0,35584.475
9.855076e-05,1632479272.0,35584.475
0.00142758986,1632723047.0,37452.4
0.00197342453,1632723047.0,37452.4
0.00025130671,1632723047.0,37452.4
0.00253024847,1632812018.0,35730.14444444444
0.00286281084,1632812018.0,35730.14444444444
2.97336e-05,1632812018.0,35730.14444444444
0.00053515417,1632812018.0,35730.14444444444
0.00236390569,1632812099.0,35691.27272727273
0.00061379579,1632812099.0,35691.27272727273
0.0030767787,1632865862.0,35700.05
0.00039862594,1632865862.0,35700.05
0.00128819155,1633068939.0,38009.166666666664
0.00159683514,1633077014.0,38782.83
0.00024860384,1633077027.0,38782.74615384615
0.00023349073,1633077027.0,38782.74615384615
0.00045122581,1633077027.0,38782.74615384615
0.00109933602,1633078327.0,38773.2
0.00035835618,1633078345.0,38775.21666666667
2.31095e-06,1633078345.0,38775.21666666667
0.00079287731,1633078345.0,38775.21666666667
0.00162572961,1637949874.0,47861.1
0.00150622019,1637949874.0,47861.1
0.00015567064,1637949874.0,47861.1
0.00601866432,1638608939.0,42316.07727272727
0.00696976466,1638608939.0,42316.07727272727
0.00815361895,1638608939.0,42316.07727272727
2.63711e-06,1639143181.0,43872.1
0.00263446686,1639143181.0,43872.1
0.00217299464,1639329134.0,44743.083333333336
0.00393711227,1639329134.0,44743.083333333336
0.0134440729,1639329134.0,44743.083333333336
0.12,1642546852,37420.6
0.05,1652136005,28596.6
0.041,1652285522,28296.7
0.25,1660465934,24118.41536
